3.3816 3.3891 3.4959
4.5279 5.8542 7.0584
2.6557 4.412 5.7061
2.7652 3.7154 4.8817
2.8466 4.1755 2.1448
3.8907 6.4884 2.1447
3.4758 3.6328 1.5393
5.9113 6.6808 6.5357
3.9289 5.0984 4.8968
4.5618 5.6233 5.5582
4.5741 5.3977 1.3074
4.3717 5.4612 7.1771
4.1917 4.9547 6.3271
5.2441 4.6615 2.4930
2.8358 3.768 2.3044
5.6353 6.3121 2.3141
4.6863 5.6652 3.0613
2.8505 4.6265 4.4247
5.1102 7.3632 3.8509
5.1826 4.6465 2.9808
5.7073 6.681 4.9632
3.5797 4.8028 2.04269
5.6394 6.1204 2.98653
4.2635 4.6894 3.44541
2.5365 3.8845 4.00008
3.2238 4.9426 6.03494
4.9295 5.955 2.4147
5.793 5.1084 4.3597
2.8168 4.819 4.8430
3.8888 5.1004 1.4674
3.3432 5.893 4.9366
5.8797 5.5214 2.2345
3.1039 3.8571 1.5824
5.3315 4.6807 7.0471
3.3754 4.5654 7.1507
4.7767 6.2544 6.1785
2.6757 3.731 3.0636
5.5003 5.6795 1.7841
1.7971 3.2475 5.4108
4.3225 5.1111 3.9016
4.421 6.0256 1.9347
3.1793 4.4369 4.2418
3.0335 3.9788 1.3928
4.6093 5.8798 6.8025
2.9638 3.3002 2.7802
3.9718 5.4077 5.2765
1.1802 2.8787 3.1075
1.919 5.0711 4.3957
3.9552 4.5053 4.5605
5.118 6.0851 2.3231